00000 1.733124
00001 2.527925
00002 3.777488
00003 4.406521
00004 4.634414
00005 5.093832
00006 5.429777
00007 5.521995
00008 4.835588
00009 3.833901
00010 3.815102
00011 4.466890
00012 3.825317
00013 3.548545
00014 5.268706
00015 6.569981
00016 6.271980
00017 7.037613
00018 7.211489
00019 6.481033
00020 6.351894
00021 7.017929
00022 6.495440
00023 5.968190
00024 5.527303
00025 4.924672
00026 5.252423
00027 5.588286
00028 6.836815
00029 5.906400
00030 6.504397
00031 6.815538
00032 6.333922
00033 5.812007
00034 6.201928
00035 5.876864
00036 6.465098
00037 6.405821
00038 7.631040
00039 8.120936
00040 8.210132
00041 8.516463
00042 8.185095
00043 8.441992
00044 9.058653
00045 8.616877
00046 9.247940
00047 9.463915
00048 8.776639
00049 9.708316
00050 8.978518
00051 9.603497
00052 9.497258
00053 8.786260
00054 9.153221
00055 8.240368
00056 7.947954
00057 7.872201
00058 10.022247
00059 7.843197
00060 7.432045
00061 5.842457
00062 6.762863
00063 6.914785
00064 7.029977
00065 8.535017
00066 8.467144
00067 7.809885
00068 8.054437
00069 7.856937
00070 6.893958
00071 6.110491
00072 4.805239
00073 3.142206
00074 2.663728
00075 4.339841
00076 2.949606
00077 3.049538
00078 5.445026
00079 5.807312
00080 7.167723
00081 7.728729
00082 7.446767
00083 7.256914
00084 5.902625
00085 5.196580
00086 4.733836
00087 2.287698
00088 0.733746
00089 0.126937
00090 0.004488
00091 -0.053660
00092 0.673517
00093 2.619871
00094 5.188482
00095 5.137572
00096 6.096407
00097 8.800509
00098 10.152180
00099 10.326140
00100 10.853393
00101 11.369278
00102 11.411168
00103 10.506152
00104 10.282476
00105 9.656954
00106 7.794588
00107 5.930198
00108 5.320109
00109 5.588167
00110 6.480096
00111 7.186742
00112 7.461346
00113 9.617013
00114 10.176714
00115 10.004100
00116 9.883891
00117 10.192992
00118 9.887905
00119 10.036977
00120 8.670495
00121 8.344859
00122 8.261421
00123 6.263055
00124 5.450413
00125 4.612055
00126 5.942949
00127 5.707956
00128 6.005986
00129 5.261711
00130 6.752609
00131 7.726360
00132 8.450973
00133 8.390530
00134 8.473248
00135 7.496458
00136 7.310674
00137 6.880822
00138 7.154659
00139 6.358022
00140 5.139675
00141 5.999595
00142 6.158677
00143 5.347863
00144 5.924587
00145 6.304760
00146 6.974855
00147 7.694646
00148 6.988279
00149 6.470420
00150 6.695323
00151 7.063951
00152 7.610873
00153 6.047707
00154 5.383397
00155 4.482663
