00000 90.000000
00001 90.000000
00002 90.000000
00003 48.000000
00004 26.000000
00005 48.000000
00006 90.000000
00007 67.000000
00008 50.000000
00009 84.000000
00010 54.000000
00011 31.000000
00012 31.000000
00013 48.000000
00014 52.000000
00015 43.000000
00016 84.000000
00017 76.000000
00018 90.000000
00019 60.000000
00020 64.000000
00021 90.000000
00022 77.000000
00023 88.000000
00024 81.000000
00025 90.000000
00026 76.000000
00027 76.000000
00028 55.000000
00029 41.000000
00030 57.000000
00031 67.000000
00032 51.000000
00033 66.000000
00034 55.000000
00035 42.000000
00036 34.000000
00037 87.000000
00038 70.000000
00039 70.000000
00040 88.000000
00041 85.000000
00042 72.000000
00043 71.000000
00044 80.000000
00045 90.000000
00046 74.000000
00047 90.000000
00048 90.000000
00049 90.000000
00050 68.000000
00051 28.000000
00052 51.000000
00053 68.000000
00054 68.000000
00055 88.000000
00056 90.000000
00057 90.000000
00058 61.000000
00059 60.000000
00060 59.000000
00061 39.000000
00062 37.000000
00063 90.000000
00064 80.000000
00065 58.000000
00066 43.000000
00067 59.000000
00068 49.000000
00069 73.000000
00070 67.000000
00071 45.000000
00072 46.000000
00073 62.000000
00074 47.000000
00075 28.000000
00076 45.000000
00077 61.000000
00078 52.000000
00079 37.000000
00080 48.000000
00081 67.000000
00082 66.000000
00083 63.000000
00084 71.000000
00085 54.000000
00086 52.000000
00087 51.000000
00088 41.000000
00089 27.000000
00090 48.000000
00091 90.000000
00092 90.000000
00093 90.000000
00094 90.000000
00095 90.000000
00096 90.000000
00097 90.000000
00098 90.000000
00099 90.000000
00100 77.000000
00101 90.000000
00102 90.000000
00103 65.000000
00104 44.000000
00105 82.000000
00106 76.000000
00107 82.000000
00108 81.000000
00109 78.000000
00110 48.000000
00111 65.000000
00112 73.000000
00113 62.000000
00114 78.000000
00115 77.000000
00116 40.000000
00117 34.000000
00118 52.000000
00119 46.000000
00120 41.000000
00121 41.000000
00122 36.000000
00123 43.000000
00124 55.000000
00125 57.000000
00126 63.000000
00127 90.000000
00128 77.000000
00129 63.000000
00130 84.000000
00131 90.000000
00132 90.000000
00133 90.000000
00134 90.000000
00135 65.000000
00136 56.000000
00137 63.000000
00138 90.000000
00139 66.000000
00140 90.000000
00141 90.000000
00142 89.000000
00143 67.000000
00144 65.000000
00145 90.000000
00146 77.000000
00147 51.000000
00148 33.000000
00149 90.000000
00150 90.000000
00151 90.000000
00152 90.000000
00153 90.000000
00154 85.000000
00155 63.000000
