00000 4.062578
00001 5.503012
00002 6.655829
00003 8.314091
00004 10.093439
00005 11.906470
00006 13.608301
00007 15.158083
00008 16.810681
00009 18.699658
00010 20.246675
00011 22.427087
00012 23.441261
00013 23.847485
00014 23.274994
00015 22.850827
00016 22.349037
00017 22.162013
00018 21.937525
00019 21.640389
00020 21.346516
00021 21.269462
00022 20.836795
00023 20.171779
00024 20.078816
00025 19.591159
00026 19.036370
00027 18.526914
00028 17.363026
00029 15.636770
00030 14.382667
00031 13.533160
00032 12.497592
00033 12.020359
00034 12.372373
00035 12.341119
00036 13.196836
00037 14.167605
00038 14.189105
00039 14.330490
00040 14.439653
00041 14.551856
00042 14.836060
00043 14.471382
00044 14.085018
00045 13.777165
00046 13.399665
00047 13.278390
00048 13.449240
00049 12.980307
00050 12.464068
00051 12.351527
00052 12.631557
00053 13.212252
00054 13.290631
00055 13.328607
00056 13.240074
00057 13.599013
00058 13.281745
00059 12.922475
00060 13.022325
00061 13.349921
00062 13.210830
00063 12.977039
00064 12.890040
00065 12.651168
00066 12.822407
00067 12.007644
00068 11.038526
00069 10.650402
00070 10.755029
00071 11.065806
00072 11.155391
00073 11.774844
00074 12.062095
00075 11.849220
00076 12.190237
00077 12.022980
00078 11.781390
00079 11.170521
00080 11.165308
00081 10.444122
00082 9.893288
00083 9.668782
00084 9.154227
00085 7.933751
00086 7.006895
00087 6.644276
00088 7.355729
00089 8.300032
00090 8.795944
00091 7.331670
00092 8.461784
00093 9.431944
00094 10.081389
00095 10.845233
00096 11.078208
00097 11.069148
