00000 30.000000
00001 30.000000
00002 33.000000
00003 59.000000
00004 66.000000
00005 81.000000
00006 74.000000
00007 75.000000
00008 90.000000
00009 90.000000
00010 90.000000
00011 90.000000
00012 90.000000
00013 90.000000
00014 90.000000
00015 90.000000
00016 90.000000
00017 90.000000
00018 90.000000
00019 90.000000
00020 90.000000
00021 90.000000
00022 90.000000
00023 90.000000
00024 90.000000
00025 90.000000
00026 90.000000
00027 90.000000
00028 90.000000
00029 62.000000
00030 59.000000
00031 90.000000
00032 90.000000
00033 72.000000
00034 67.000000
00035 90.000000
00036 90.000000
00037 90.000000
00038 90.000000
00039 79.000000
00040 90.000000
00041 90.000000
00042 73.000000
00043 90.000000
00044 90.000000
00045 90.000000
00046 90.000000
00047 90.000000
00048 90.000000
00049 90.000000
00050 90.000000
00051 90.000000
00052 90.000000
00053 90.000000
00054 90.000000
00055 90.000000
00056 90.000000
00057 75.000000
00058 90.000000
00059 90.000000
00060 90.000000
00061 90.000000
00062 82.000000
00063 71.000000
00064 90.000000
00065 90.000000
00066 90.000000
00067 90.000000
00068 90.000000
00069 90.000000
00070 59.000000
00071 57.000000
00072 90.000000
00073 77.000000
00074 58.000000
00075 87.000000
00076 69.000000
00077 85.000000
00078 90.000000
00079 90.000000
00080 59.000000
00081 65.000000
00082 73.000000
00083 90.000000
00084 57.000000
00085 54.000000
00086 51.000000
00087 74.000000
00088 53.000000
00089 63.000000
00090 37.000000
00091 90.000000
00092 56.000000
00093 90.000000
00094 57.000000
00095 90.000000
00096 72.000000
00097 90.000000
