35473408 11.422661
35473408 9.589487
35473408 8.282929
35473408 6.871327
35473408 5.622401
35473408 4.189301
35473408 3.505647
35473408 3.404574
35473408 3.105776
35473408 3.482745
35473408 3.884082
35473408 4.247484
35473408 5.420207
35473408 6.126362
35473408 6.239928
35473408 6.629120
35473408 7.165721
35473408 7.344635
35473408 7.599251
35473408 6.488870
35473408 6.353564
35473408 6.216229
35473408 6.274570
35473408 6.491991
35473408 7.675730
35473408 9.159223
35473408 10.770823
35473408 12.511915
35473408 13.684892
35473408 14.496603
35473408 15.238775
35473408 15.926726
35473408 16.535442
35473408 17.127851
35473408 17.525855
35473408 18.017534
35473408 18.434114
35473408 18.857399
35473408 19.238798
35473408 19.721313
35473408 20.009386
35473408 20.369218
35473408 20.620815
35473408 20.976569
35473408 21.235895
35473408 21.399033
35473408 21.660509
35473408 21.738779
35473408 21.756194
35473408 21.727942
35473408 21.691799
35473408 21.713678
35473408 21.509651
35473408 20.945104
35473408 20.609333
35473408 20.082404
35473408 19.695420
35473408 19.522210
35473408 19.188503
35473408 18.933262
35473408 18.600394
35473408 18.240616
35473408 17.806698
35473408 17.561780
35473408 17.518054
35473408 17.270272
35473408 17.129662
35473408 17.237788
35473408 17.072210
35473408 16.877001
35473408 16.684744
35473408 16.366771
35473408 15.994749
35473408 15.727733
35473408 15.378135
35473408 14.941117
35473408 14.552577
35473408 14.384892
35473408 13.754999
35473408 12.614925
35473408 11.129653
35473408 9.276530
35473408 7.747878
35473408 6.892715
35473408 6.429226
35473408 6.129226
35473408 5.825496
35473408 6.120149
35473408 6.385102
35473408 6.789474
35473408 7.565205
35473408 9.022212
35473408 10.801965
35473408 12.424023
35473408 13.669636
35473408 14.276430
35473408 14.974251
