00000 90.000000
00001 90.000000
00002 90.000000
00003 81.000000
00004 74.000000
00005 57.000000
00006 54.000000
00007 45.000000
00008 39.000000
00009 38.000000
00010 38.000000
00011 38.000000
00012 40.000000
00013 39.000000
00014 41.000000
00015 42.000000
00016 44.000000
00017 45.000000
00018 44.000000
00019 40.000000
00020 42.000000
00021 37.000000
00022 37.000000
00023 40.000000
00024 51.000000
00025 56.000000
00026 56.000000
00027 84.000000
00028 64.000000
00029 64.000000
00030 57.000000
00031 71.000000
00032 90.000000
00033 63.000000
00034 90.000000
00035 90.000000
00036 81.000000
00037 72.000000
00038 90.000000
00039 90.000000
00040 90.000000
00041 90.000000
00042 90.000000
00043 90.000000
00044 90.000000
00045 90.000000
00046 90.000000
00047 90.000000
00048 90.000000
00049 90.000000
00050 90.000000
00051 90.000000
00052 90.000000
00053 90.000000
00054 90.000000
00055 90.000000
00056 90.000000
00057 90.000000
00058 90.000000
00059 90.000000
00060 90.000000
00061 90.000000
00062 90.000000
00063 90.000000
00064 90.000000
00065 90.000000
00066 90.000000
00067 90.000000
00068 90.000000
00069 90.000000
00070 90.000000
00071 86.000000
00072 90.000000
00073 90.000000
00074 90.000000
00075 90.000000
00076 90.000000
00077 90.000000
00078 90.000000
00079 90.000000
00080 90.000000
00081 90.000000
00082 90.000000
00083 81.000000
00084 73.000000
00085 68.000000
00086 64.000000
00087 62.000000
00088 59.000000
00089 90.000000
00090 61.000000
00091 61.000000
00092 63.000000
00093 67.000000
00094 66.000000
00095 65.000000
00096 67.000000
